Croatia, Exposure to risk (period 1x1)     Last modified: 21-Apr-2017, MPv5 (May07)

   Year      Age       Female          Male         Total
   2002        0        19406.17     20374.34     39780.51 
   2002        1        20217.50     21363.33     41580.83 
   2002        2        21213.33     22397.33     43610.67 
   2002        3        22258.50     23330.17     45588.67 
   2002        4        23418.00     24462.33     47880.33 
   2002        5        24136.17     25460.67     49596.83 
   2002        6        23787.83     25202.50     48990.33 
   2002        7        23418.67     24325.50     47744.17 
   2002        8        23390.33     24337.50     47727.83 
   2002        9        22917.83     24136.50     47054.33 
   2002       10        23531.83     24846.50     48378.33 
   2002       11        24474.50     25666.00     50140.50 
   2002       12        24510.83     25547.17     50058.00 
   2002       13        24916.50     26125.83     51042.33 
   2002       14        25308.00     26537.83     51845.83 
   2002       15        25579.33     26583.17     52162.50 
   2002       16        26336.17     27281.00     53617.17 
   2002       17        27232.50     28453.00     55685.50 
   2002       18        27480.67     28806.83     56287.50 
   2002       19        27522.33     28750.17     56272.50 
   2002       20        27814.17     29085.50     56899.67 
   2002       21        28130.83     29635.00     57765.83 
   2002       22        28418.00     30043.33     58461.33 
   2002       23        28247.50     29641.83     57889.33 
   2002       24        27940.83     29247.17     57188.00 
   2002       25        27975.33     28911.83     56887.17 
   2002       26        27807.33     28478.33     56285.67 
   2002       27        27580.83     28284.33     55865.17 
   2002       28        27664.33     28080.50     55744.83 
   2002       29        27770.17     28075.00     55845.17 
   2002       30        27790.17     28211.17     56001.33 
   2002       31        27176.17     27529.50     54705.67 
   2002       32        27240.83     27370.17     54611.00 
   2002       33        28216.83     28157.17     56374.00 
   2002       34        29010.83     28994.00     58004.83 
   2002       35        30288.33     30166.17     60454.50 
   2002       36        31153.83     30966.00     62119.83 
   2002       37        30675.33     30526.17     61201.50 
   2002       38        30302.00     30137.17     60439.17 
   2002       39        30914.83     30658.83     61573.67 
   2002       40        31849.33     31439.33     63288.67 
   2002       41        32491.17     32114.83     64606.00 
   2002       42        32722.33     32564.83     65287.17 
   2002       43        32656.83     32663.00     65319.83 
   2002       44        32447.00     32434.83     64881.83 
   2002       45        33268.50     33183.50     66452.00 
   2002       46        33904.83     34090.33     67995.16 
   2002       47        33263.00     34555.67     67818.67 
   2002       48        32652.00     33951.17     66603.17 
   2002       49        32268.67     32703.83     64972.50 
   2002       50        30859.83     31171.17     62031.00 
   2002       51        30526.83     30567.00     61093.83 
   2002       52        31419.33     30620.33     62039.67 
   2002       53        30380.83     28816.33     59197.17 
   2002       54        29146.83     27222.00     56368.83 
   2002       55        27901.67     25568.83     53470.50 
   2002       56        23749.33     21403.50     45152.83 
   2002       57        21612.83     19328.00     40940.83 
   2002       58        23926.33     21037.33     44963.67 
   2002       59        26381.33     23213.00     49594.33 
   2002       60        26912.00     23557.50     50469.50 
   2002       61        27095.00     23437.83     50532.83 
   2002       62        27926.17     24018.67     51944.83 
   2002       63        28110.83     23617.00     51727.83 
   2002       64        28598.00     23674.67     52272.67 
   2002       65        28880.67     23640.67     52521.33 
   2002       66        28588.17     22974.17     51562.33 
   2002       67        28366.00     22405.00     50771.00 
   2002       68        28412.50     21763.83     50176.33 
   2002       69        28357.50     20719.00     49076.50 
   2002       70        27735.67     19690.33     47426.00 
   2002       71        27025.17     19060.50     46085.66 
   2002       72        25412.33     17676.17     43088.50 
   2002       73        23473.17     15763.34     39236.51 
   2002       74        21946.00     13839.84     35785.84 
   2002       75        20998.00     12065.84     33063.84 
   2002       76        20306.17     10495.00     30801.17 
   2002       77        19117.83      9065.17     28183.00 
   2002       78        17827.00      8129.17     25956.17 
   2002       79        16298.83      7174.34     23473.17 
   2002       80        15077.34      6245.58     21322.92 
   2002       81        13486.20      5390.07     18876.27 
   2002       82        11110.13      4558.41     15668.54 
   2002       83         6921.07      2874.98      9796.05 
   2002       84         3861.13      1573.66      5434.79 
   2002       85         3289.11      1293.83      4582.94 
   2002       86         3436.65      1356.83      4793.49 
   2002       87         4365.58      1730.22      6095.80 
   2002       88         4289.02      1671.91      5960.93 
   2002       89         3518.40      1286.55      4804.96 
   2002       90         2740.94       926.51      3667.45 
   2002       91         2024.12       664.74      2688.86 
   2002       92         1546.83       514.31      2061.13 
   2002       93         1088.82       359.13      1447.95 
   2002       94          757.63       231.58       989.21 
   2002       95          533.76       152.72       686.48 
   2002       96          336.73        91.86       428.59 
   2002       97          191.03        58.86       249.89 
   2002       98          111.02        32.68       143.70 
   2002       99           67.34        15.84        83.19 
   2002      100           34.84         9.33        44.18 
   2002      101           18.83         6.50        25.33 
   2002      102            7.83         5.00        12.83 
   2002      103            3.17         1.33         4.50 
   2002      104            1.83         0.50         2.33 
   2002      105            0.67         0.17         0.83 
   2002      106            1.50         0.50         2.00 
   2002      107            1.00         0.17         1.17 
   2002      108            0.50         0.00         0.50 
   2002      109            0.17         0.00         0.17 
   2002      110+           0.00         0.00         0.00 
   2003        0        19167.34     20149.17     39316.51 
   2003        1        19505.00     20488.67     39993.67 
   2003        2        20264.50     21421.33     41685.83 
   2003        3        21264.83     22432.33     43697.17 
   2003        4        22300.83     23390.00     45690.83 
   2003        5        23529.83     24592.83     48122.67 
   2003        6        24189.33     25527.50     49716.83 
   2003        7        23864.00     25254.17     49118.17 
   2003        8        23478.50     24378.83     47857.33 
   2003        9        23450.50     24392.33     47842.83 
   2003       10        23021.67     24279.33     47301.00 
   2003       11        23594.00     24929.83     48523.83 
   2003       12        24560.00     25733.00     50293.00 
   2003       13        24579.50     25601.33     50180.83 
   2003       14        24972.33     26189.67     51162.00 
   2003       15        25433.67     26646.00     52079.67 
   2003       16        25650.17     26639.00     52289.17 
   2003       17        26415.17     27338.83     53754.00 
   2003       18        27338.33     28526.67     55865.00 
   2003       19        27608.17     28874.50     56482.67 
   2003       20        27667.17     28837.00     56504.17 
   2003       21        27972.00     29183.33     57155.33 
   2003       22        28267.17     29759.00     58026.17 
   2003       23        28573.17     30167.17     58740.33 
   2003       24        28367.83     29743.83     58111.67 
   2003       25        28095.50     29352.50     57448.00 
   2003       26        28090.00     29009.83     57099.83 
   2003       27        27921.83     28535.50     56457.33 
   2003       28        27685.67     28369.50     56055.17 
   2003       29        27754.00     28146.50     55900.50 
   2003       30        27836.17     28148.00     55984.17 
   2003       31        27838.33     28276.50     56114.83 
   2003       32        27214.17     27583.50     54797.67 
   2003       33        27300.83     27412.00     54712.83 
   2003       34        28263.33     28205.17     56468.50 
   2003       35        29085.67     29036.00     58121.67 
   2003       36        30346.83     30181.00     60527.83 
   2003       37        31222.50     31012.33     62234.83 
   2003       38        30726.00     30566.83     61292.83 
   2003       39        30340.33     30138.17     60478.50 
   2003       40        30957.33     30668.33     61625.67 
   2003       41        31896.50     31430.67     63327.17 
   2003       42        32539.83     32106.17     64646.00 
   2003       43        32761.33     32519.00     65280.33 
   2003       44        32694.67     32597.17     65291.83 
   2003       45        32474.17     32368.33     64842.50 
   2003       46        33278.83     33078.50     66357.33 
   2003       47        33904.33     33961.83     67866.17 
   2003       48        33269.67     34404.17     67673.84 
   2003       49        32671.33     33802.50     66473.84 
   2003       50        32275.00     32511.50     64786.50 
   2003       51        30847.67     30975.50     61823.17 
   2003       52        30489.83     30335.67     60825.50 
   2003       53        31391.17     30404.83     61796.00 
   2003       54        30372.00     28595.34     58967.34 
   2003       55        29117.33     26993.33     56110.67 
   2003       56        27836.50     25316.33     53152.83 
   2003       57        23684.33     21194.00     44878.34 
   2003       58        21559.67     19100.17     40659.83 
   2003       59        23846.33     20741.17     44587.50 
   2003       60        26295.50     22858.83     49154.33 
   2003       61        26799.83     23207.17     50007.00 
   2003       62        26944.67     23017.00     49961.66 
   2003       63        27786.17     23553.67     51339.83 
   2003       64        27919.50     23105.50     51025.00 
   2003       65        28327.33     23089.83     51417.17 
   2003       66        28581.50     23003.00     51584.50 
   2003       67        28249.50     22274.00     50523.50 
   2003       68        27980.00     21637.33     49617.33 
   2003       69        27935.67     20946.17     48881.83 
   2003       70        27816.33     19866.83     47683.17 
   2003       71        27116.00     18789.83     45905.83 
   2003       72        26338.17     18093.67     44431.83 
   2003       73        24658.00     16691.17     41349.17 
   2003       74        22718.50     14823.17     37541.67 
   2003       75        21113.50     12934.67     34048.17 
   2003       76        20063.83     11211.67     31275.50 
   2003       77        19306.17      9672.00     28978.17 
   2003       78        18048.33      8282.50     26330.83 
   2003       79        16725.33      7360.17     24085.50 
   2003       80        15209.70      6402.07     21611.76 
   2003       81        13883.10      5535.18     19418.28 
   2003       82        12259.46      4763.70     17023.16 
   2003       83        10005.40      3951.71     13957.11 
   2003       84         6140.24      2451.52      8591.76 
   2003       85         3384.54      1320.41      4704.95 
   2003       86         2843.53      1077.43      3920.96 
   2003       87         2908.22      1112.91      4021.14 
   2003       88         3631.61      1402.11      5033.71 
   2003       89         3534.37      1318.30      4852.67 
   2003       90         2791.09       983.29      3774.38 
   2003       91         2136.48       699.77      2836.25 
   2003       92         1564.36       487.51      2051.87 
   2003       93         1152.91       365.60      1518.51 
   2003       94          785.60       251.76      1037.35 
   2003       95          528.92       158.06       686.98 
   2003       96          372.40       102.03       474.43 
   2003       97          226.54        57.69       284.23 
   2003       98          121.02        33.34       154.36 
   2003       99           74.01        17.51        91.52 
   2003      100           41.01         8.67        49.68 
   2003      101           22.50         5.00        27.50 
   2003      102           11.33         3.67        15.00 
   2003      103            4.33         2.00         6.33 
   2003      104            1.00         1.00         2.00 
   2003      105            0.00         0.00         0.00 
   2003      106            0.33         0.00         0.33 
   2003      107            0.83         0.00         0.83 
   2003      108            0.17         0.00         0.17 
   2003      109            0.00         0.00         0.00 
   2003      110+           0.00         0.00         0.00 
   2004        0        19158.67     20361.84     39520.51 
   2004        1        19259.33     20251.50     39510.83 
   2004        2        19565.17     20556.33     40121.50 
   2004        3        20319.00     21479.83     41798.83 
   2004        4        21334.17     22498.17     43832.33 
   2004        5        22367.33     23454.00     45821.33 
   2004        6        23592.50     24659.00     48251.50 
   2004        7        24263.33     25593.83     49857.17 
   2004        8        23929.00     25314.50     49243.50 
   2004        9        23539.83     24445.83     47985.67 
   2004       10        23508.50     24449.67     47958.17 
   2004       11        23083.00     24359.17     47442.17 
   2004       12        23660.00     24999.83     48659.83 
   2004       13        24632.50     25793.67     50426.17 
   2004       14        24633.67     25658.33     50292.00 
   2004       15        25082.67     26298.50     51381.17 
   2004       16        25495.50     26697.17     52192.67 
   2004       17        25709.83     26684.50     52394.33 
   2004       18        26523.83     27406.50     53930.33 
   2004       19        27465.67     28614.17     56079.83 
   2004       20        27763.83     29013.33     56777.17 
   2004       21        27898.50     29058.17     56956.67 
   2004       22        28128.33     29339.17     57467.50 
   2004       23        28465.00     29911.33     58376.33 
   2004       24        28764.00     30297.17     59061.17 
   2004       25        28577.00     29880.83     58457.83 
   2004       26        28259.50     29492.33     57751.83 
   2004       27        28255.83     29113.83     57369.67 
   2004       28        28086.33     28660.17     56746.50 
   2004       29        27819.50     28495.33     56314.83 
   2004       30        27841.17     28270.67     56111.83 
   2004       31        27928.00     28258.00     56186.00 
   2004       32        27927.00     28391.33     56318.33 
   2004       33        27323.67     27680.67     55004.33 
   2004       34        27374.67     27532.17     54906.83 
   2004       35        28350.83     28299.00     56649.83 
   2004       36        29151.83     29127.00     58278.83 
   2004       37        30419.50     30280.00     60699.50 
   2004       38        31289.67     31088.00     62377.67 
   2004       39        30784.67     30665.83     61450.50 
   2004       40        30404.83     30230.83     60635.67 
   2004       41        31016.00     30722.33     61738.33 
   2004       42        31945.67     31491.00     63436.67 
   2004       43        32594.50     32135.50     64730.00 
   2004       44        32816.00     32516.83     65332.83 
   2004       45        32723.83     32576.17     65300.00 
   2004       46        32492.50     32332.00     64824.50 
   2004       47        33285.50     33001.50     66287.00 
   2004       48        33930.50     33880.00     67810.50 
   2004       49        33274.00     34281.67     67555.67 
   2004       50        32679.33     33646.00     66325.33 
   2004       51        32271.83     32366.00     64637.83 
   2004       52        30827.83     30785.83     61613.67 
   2004       53        30451.17     30155.00     60606.16 
   2004       54        31357.17     30183.50     61540.67 
   2004       55        30338.83     28372.67     58711.50 
   2004       56        29042.67     26723.83     55766.50 
   2004       57        27769.83     25065.67     52835.50 
   2004       58        23617.50     20961.50     44579.00 
   2004       59        21492.33     18874.50     40366.83 
   2004       60        23777.33     20455.01     44232.34 
   2004       61        26176.33     22546.00     48722.33 
   2004       62        26656.50     22807.83     49464.33 
   2004       63        26793.00     22583.49     49376.49 
   2004       64        27578.17     23061.00     50639.16 
   2004       65        27669.50     22554.33     50223.83 
   2004       66        28052.50     22475.83     50528.33 
   2004       67        28246.17     22317.67     50563.83 
   2004       68        27871.00     21535.00     49406.00 
   2004       69        27514.83     20847.83     48362.67 
   2004       70        27416.67     20072.50     47489.16 
   2004       71        27212.50     18956.67     46169.17 
   2004       72        26430.00     17858.00     44288.00 
   2004       73        25591.33     17116.50     42707.83 
   2004       74        23839.67     15706.50     39546.17 
   2004       75        21854.33     13857.67     35712.00 
   2004       76        20227.00     12008.84     32235.83 
   2004       77        19085.83     10339.67     29425.50 
   2004       78        18239.83      8855.00     27094.84 
   2004       79        16979.00      7529.50     24508.50 
   2004       80        15496.19      6610.56     22106.75 
   2004       81        14037.44      5692.65     19730.09 
   2004       82        12669.00      4906.96     17575.95 
   2004       83        11075.70      4147.98     15223.69 
   2004       84         8916.50      3383.85     12300.35 
   2004       85         5415.42      2087.72      7503.14 
   2004       86         2951.27      1096.83      4048.11 
   2004       87         2414.93       892.87      3307.80 
   2004       88         2412.11       905.18      3317.29 
   2004       89         2975.79      1117.51      4093.31 
   2004       90         2826.21      1026.53      3852.74 
   2004       91         2188.47       755.21      2943.68 
   2004       92         1673.71       507.37      2181.08 
   2004       93         1180.94       345.80      1526.74 
   2004       94          839.01       266.39      1105.41 
   2004       95          549.55       168.23       717.78 
   2004       96          361.56       101.20       462.76 
   2004       97          259.37        63.85       323.23 
   2004       98          143.02        33.84       176.86 
   2004       99           77.84        18.51        96.35 
   2004      100           46.84         7.17        54.01 
   2004      101           25.50         3.67        29.17 
   2004      102           11.17         2.17        13.33 
   2004      103            5.67         1.50         7.17 
   2004      104            1.00         1.33         2.33 
   2004      105            0.00         0.50         0.50 
   2004      106            0.00         0.00         0.00 
   2004      107            0.00         0.00         0.00 
   2004      108            0.00         0.00         0.00 
   2004      109            0.00         0.00         0.00 
   2004      110+           0.00         0.00         0.00 
   2005        0        19854.00     21037.17     40891.17 
   2005        1        19258.67     20465.50     39724.17 
   2005        2        19326.33     20319.33     39645.67 
   2005        3        19634.67     20639.67     40274.33 
   2005        4        20405.67     21563.00     41968.67 
   2005        5        21424.67     22611.00     44035.67 
   2005        6        22462.17     23534.83     45997.00 
   2005        7        23672.00     24745.00     48417.00 
   2005        8        24349.17     25676.00     50025.17 
   2005        9        24013.83     25380.67     49394.50 
   2005       10        23614.00     24516.33     48130.33 
   2005       11        23584.50     24522.83     48107.33 
   2005       12        23142.00     24435.17     47577.17 
   2005       13        23728.17     25070.50     48798.67 
   2005       14        24696.50     25862.33     50558.83 
   2005       15        24699.00     25722.50     50421.50 
   2005       16        25152.17     26343.83     51496.00 
   2005       17        25535.50     26731.67     52267.17 
   2005       18        25806.50     26738.00     52544.50 
   2005       19        26665.83     27527.00     54192.83 
   2005       20        27614.83     28765.00     56379.83 
   2005       21        27979.17     29255.83     57235.00 
   2005       22        28055.00     29230.83     57285.83 
   2005       23        28324.17     29531.50     57855.67 
   2005       24        28660.17     30047.67     58707.83 
   2005       25        28964.33     30432.00     59396.33 
   2005       26        28761.33     29988.00     58749.33 
   2005       27        28503.50     29682.50     58186.00 
   2005       28        28404.67     29225.00     57629.67 
   2005       29        28226.33     28781.83     57008.17 
   2005       30        27937.33     28616.83     56554.17 
   2005       31        27944.17     28379.17     56323.33 
   2005       32        28037.00     28386.33     56423.33 
   2005       33        28038.00     28508.17     56546.17 
   2005       34        27407.67     27795.00     55202.67 
   2005       35        27466.33     27632.67     55099.00 
   2005       36        28420.67     28415.83     56836.50 
   2005       37        29231.33     29212.83     58444.17 
   2005       38        30482.00     30375.67     60857.67 
   2005       39        31357.33     31190.00     62547.33 
   2005       40        30853.17     30739.17     61592.33 
   2005       41        30444.00     30278.83     60722.83 
   2005       42        31051.83     30760.00     61811.83 
   2005       43        31978.17     31531.83     63510.00 
   2005       44        32630.33     32152.17     64782.50 
   2005       45        32826.50     32489.00     65315.50 
   2005       46        32737.17     32573.33     65310.50 
   2005       47        32485.50     32287.17     64772.67 
   2005       48        33296.83     32925.00     66221.83 
   2005       49        33902.33     33768.17     67670.50 
   2005       50        33261.33     34118.33     67379.67 
   2005       51        32673.00     33494.83     66167.84 
   2005       52        32257.50     32176.50     64434.00 
   2005       53        30771.00     30578.33     61349.33 
   2005       54        30398.33     29923.50     60321.83 
   2005       55        31297.33     29915.50     61212.83 
   2005       56        30268.83     28088.50     58357.33 
   2005       57        28963.83     26434.17     55398.00 
   2005       58        27686.83     24801.00     52487.83 
   2005       59        23509.00     20696.50     44205.50 
   2005       60        21396.33     18612.33     40008.67 
   2005       61        23639.83     20162.50     43802.33 
   2005       62        26024.33     22151.00     48175.33 
   2005       63        26475.00     22396.00     48871.00 
   2005       64        26569.83     22106.17     48676.00 
   2005       65        27290.33     22504.33     49794.67 
   2005       66        27364.33     21953.50     49317.83 
   2005       67        27706.67     21816.33     49523.00 
   2005       68        27816.50     21593.83     49410.33 
   2005       69        27413.83     20738.83     48152.67 
   2005       70        27010.67     20003.33     47014.00 
   2005       71        26840.00     19164.83     46004.83 
   2005       72        26516.33     18016.67     44533.00 
   2005       73        25692.17     16895.17     42587.33 
   2005       74        24758.00     16098.83     40856.83 
   2005       75        22936.67     14677.67     37614.33 
   2005       76        20961.67     12875.17     33836.83 
   2005       77        19289.17     11105.50     30394.67 
   2005       78        18053.00      9509.17     27562.17 
   2005       79        17187.17      8061.17     25248.33 
   2005       80        15657.15      6766.12     22423.27 
   2005       81        14326.15      5902.79     20228.94 
   2005       82        12854.56      5026.06     17880.62 
   2005       83        11466.62      4307.89     15774.51 
   2005       84         9893.99      3583.27     13477.26 
   2005       85         7862.65      2883.83     10746.48 
   2005       86         4731.30      1750.43      6481.73 
   2005       87         2533.03       907.76      3440.80 
   2005       88         2022.69       732.47      2755.16 
   2005       89         1968.87       721.60      2690.47 
   2005       90         2385.68       877.09      3262.77 
   2005       91         2239.44       792.78      3032.22 
   2005       92         1706.87       548.80      2255.67 
   2005       93         1281.48       365.65      1647.13 
   2005       94          872.55       243.26      1115.82 
   2005       95          590.64       185.04       775.67 
   2005       96          369.02       104.53       473.55 
   2005       97          249.04        65.35       314.39 
   2005       98          163.69        37.34       201.03 
   2005       99           88.34        23.51       111.85 
   2005      100           50.18        10.84        61.02 
   2005      101           27.67         4.00        31.67 
   2005      102           12.33         2.50        14.83 
   2005      103            6.33         2.00         8.33 
   2005      104            2.33         0.83         3.17 
   2005      105            0.50         0.67         1.17 
   2005      106            0.00         0.50         0.50 
   2005      107            0.00         0.00         0.00 
   2005      108            0.00         0.00         0.00 
   2005      109            0.00         0.00         0.00 
   2005      110+           0.00         0.00         0.00 
   2006        0        20112.67     21299.01     41411.68 
   2006        1        19958.83     21151.33     41110.17 
   2006        2        19317.00     20519.67     39836.67 
   2006        3        19395.17     20379.83     39775.00 
   2006        4        19714.33     20715.17     40429.50 
   2006        5        20528.00     21691.33     42219.33 
   2006        6        21507.17     22690.00     44197.17 
   2006        7        22547.17     23615.17     46162.33 
   2006        8        23763.67     24809.00     48572.67 
   2006        9        24425.33     25738.83     50164.17 
   2006       10        24082.00     25436.50     49518.50 
   2006       11        23683.83     24577.17     48261.00 
   2006       12        23639.67     24572.50     48212.17 
   2006       13        23201.50     24498.83     47700.33 
   2006       14        23793.67     25133.67     48927.33 
   2006       15        24764.67     25927.83     50692.50 
   2006       16        24769.33     25758.50     50527.83 
   2006       17        25188.50     26377.00     51565.50 
   2006       18        25618.00     26778.50     52396.50 
   2006       19        25940.67     26885.00     52825.67 
   2006       20        26774.00     27671.50     54445.50 
   2006       21        27752.83     28938.67     56691.50 
   2006       22        28115.50     29426.17     57541.67 
   2006       23        28199.83     29408.83     57608.67 
   2006       24        28473.83     29677.83     58151.67 
   2006       25        28818.00     30184.83     59002.83 
   2006       26        29128.67     30535.50     59664.17 
   2006       27        28956.00     30150.33     59106.33 
   2006       28        28605.33     29782.17     58387.50 
   2006       29        28511.17     29314.67     57825.83 
   2006       30        28308.17     28862.00     57170.17 
   2006       31        28019.67     28735.67     56755.33 
   2006       32        28004.17     28513.33     56517.50 
   2006       33        28182.83     28629.33     56812.17 
   2006       34        28106.50     28598.00     56704.50 
   2006       35        27484.83     27903.33     55388.17 
   2006       36        27515.50     27716.17     55231.67 
   2006       37        28480.83     28494.17     56975.00 
   2006       38        29255.83     29303.00     58558.83 
   2006       39        30518.83     30447.67     60966.50 
   2006       40        31398.50     31231.00     62629.50 
   2006       41        30878.83     30775.00     61653.83 
   2006       42        30457.33     30305.17     60762.50 
   2006       43        31056.33     30796.67     61853.00 
   2006       44        31992.67     31536.50     63529.17 
   2006       45        32620.00     32108.33     64728.33 
   2006       46        32823.00     32463.00     65286.00 
   2006       47        32716.00     32515.00     65231.00 
   2006       48        32466.17     32178.33     64644.50 
   2006       49        33261.17     32804.00     66065.17 
   2006       50        33855.17     33599.50     67454.67 
   2006       51        33226.00     33947.17     67173.17 
   2006       52        32627.00     33278.67     65905.67 
   2006       53        32202.33     31937.50     64139.83 
   2006       54        30703.33     30322.00     61025.33 
   2006       55        30312.33     29661.17     59973.50 
   2006       56        31208.00     29581.67     60789.67 
   2006       57        30175.00     27764.50     57939.50 
   2006       58        28860.67     26126.83     54987.50 
   2006       59        27553.17     24457.67     52010.84 
   2006       60        23377.67     20403.00     43780.67 
   2006       61        21258.17     18327.17     39585.33 
   2006       62        23482.83     19807.50     43290.33 
   2006       63        25816.17     21728.99     47545.16 
   2006       64        26233.50     21918.50     48152.00 
   2006       65        26299.00     21575.00     47874.00 
   2006       66        26971.67     21897.83     48869.50 
   2006       67        27010.00     21374.67     48384.67 
   2006       68        27289.83     21118.84     48408.67 
   2006       69        27352.50     20814.83     48167.33 
   2006       70        26923.67     19958.17     46881.83 
   2006       71        26454.83     19152.67     45607.51 
   2006       72        26165.17     18258.83     44424.00 
   2006       73        25796.67     17074.17     42870.84 
   2006       74        24872.67     15945.83     40818.50 
   2006       75        23847.67     15067.83     38915.50 
   2006       76        22003.67     13684.50     35688.17 
   2006       77        19995.17     11922.84     31918.00 
   2006       78        18271.17     10238.34     28509.51 
   2006       79        16992.83      8670.00     25662.83 
   2006       80        15915.57      7234.48     23150.05 
   2006       81        14442.26      6051.83     20494.10 
   2006       82        13099.60      5205.17     18304.77 
   2006       83        11574.67      4397.80     15972.47 
   2006       84        10218.23      3718.82     13937.05 
   2006       85         8708.12      3058.22     11766.33 
   2006       86         6839.46      2417.80      9257.26 
   2006       87         4070.51      1443.96      5514.47 
   2006       88         2118.29       749.69      2867.99 
   2006       89         1658.30       585.24      2243.55 
   2006       90         1575.63       555.38      2131.01 
   2006       91         1881.10       670.84      2551.94 
   2006       92         1734.51       581.02      2315.54 
   2006       93         1306.31       410.58      1716.88 
   2006       94          946.59       256.44      1203.02 
   2006       95          625.84       168.90       794.74 
   2006       96          409.27       118.00       527.27 
   2006       97          248.49        66.19       314.68 
   2006       98          158.18        41.84       200.03 
   2006       99           98.68        25.84       124.52 
   2006      100           56.50        16.84        73.35 
   2006      101           31.83         6.67        38.50 
   2006      102           13.17         2.67        15.83 
   2006      103            6.50         2.17         8.67 
   2006      104            2.00         0.00         2.00 
   2006      105            1.17         0.00         1.17 
   2006      106            0.50         0.50         1.00 
   2006      107            0.00         0.50         0.50 
   2006      108            0.00         0.00         0.00 
   2006      109            0.00         0.00         0.00 
   2006      110+           0.00         0.00         0.00 
   2007        0        19886.17     21088.84     40975.01 
   2007        1        20222.50     21423.67     41646.17 
   2007        2        20013.17     21195.83     41209.00 
   2007        3        19376.33     20568.33     39944.67 
   2007        4        19460.50     20445.83     39906.33 
   2007        5        19836.67     20833.67     40670.33 
   2007        6        20587.17     21761.00     42348.17 
   2007        7        21578.67     22747.33     44326.00 
   2007        8        22608.67     23659.33     46268.00 
   2007        9        23814.17     24870.17     48684.33 
   2007       10        24474.00     25788.33     50262.33 
   2007       11        24145.33     25486.33     49631.67 
   2007       12        23741.00     24625.83     48366.83 
   2007       13        23696.17     24623.50     48319.67 
   2007       14        23259.17     24546.83     47806.00 
   2007       15        23864.00     25203.00     49067.00 
   2007       16        24824.00     25969.00     50793.00 
   2007       17        24810.67     25769.50     50580.17 
   2007       18        25255.33     26412.50     51667.83 
   2007       19        25743.83     26943.67     52687.50 
   2007       20        26052.67     27065.00     53117.67 
   2007       21        26902.00     27872.67     54774.67 
   2007       22        27888.83     29148.50     57037.33 
   2007       23        28260.33     29618.83     57879.17 
   2007       24        28340.67     29593.00     57933.67 
   2007       25        28605.33     29848.67     58454.00 
   2007       26        28967.50     30329.00     59296.50 
   2007       27        29237.67     30620.00     59857.67 
   2007       28        29045.50     30258.33     59303.83 
   2007       29        28673.33     29885.83     58559.17 
   2007       30        28572.33     29394.83     57967.17 
   2007       31        28379.50     28996.00     57375.50 
   2007       32        28059.50     28879.00     56938.50 
   2007       33        28118.67     28751.00     56869.67 
   2007       34        28230.67     28725.67     56956.33 
   2007       35        28149.67     28714.17     56863.83 
   2007       36        27498.50     28000.50     55499.00 
   2007       37        27553.50     27792.17     55345.67 
   2007       38        28489.67     28558.33     57048.00 
   2007       39        29336.50     29433.00     58769.50 
   2007       40        30528.50     30487.83     61016.33 
   2007       41        31429.83     31269.67     62699.50 
   2007       42        30900.17     30807.17     61707.33 
   2007       43        30449.00     30316.67     60765.67 
   2007       44        31060.00     30799.50     61859.50 
   2007       45        32059.00     31594.50     63653.50 
   2007       46        32598.83     32058.83     64657.67 
   2007       47        32782.67     32383.17     65165.83 
   2007       48        32696.00     32426.00     65122.00 
   2007       49        32418.50     32043.83     64462.33 
   2007       50        33200.00     32646.67     65846.67 
   2007       51        33784.67     33404.83     67189.50 
   2007       52        33161.33     33725.83     66887.17 
   2007       53        32556.83     33013.34     65570.17 
   2007       54        32103.33     31646.83     63750.17 
   2007       55        30596.00     30051.33     60647.33 
   2007       56        30211.17     29323.83     59535.00 
   2007       57        31105.83     29250.50     60356.33 
   2007       58        30030.00     27412.33     57442.33 
   2007       59        28713.83     25749.67     54463.50 
   2007       60        27383.33     24119.34     51502.67 
   2007       61        23220.33     20102.33     43322.67 
   2007       62        21123.17     18014.00     39137.17 
   2007       63        23303.50     19428.17     42731.67 
   2007       64        25612.83     21282.83     46895.67 
   2007       65        25988.67     21396.17     47384.84 
   2007       66        26002.67     21026.67     47029.33 
   2007       67        26645.67     21320.50     47966.17 
   2007       68        26628.00     20687.50     47315.50 
   2007       69        26835.00     20399.83     47234.83 
   2007       70        26849.00     20035.67     46884.67 
   2007       71        26347.83     19101.67     45449.50 
   2007       72        25820.00     18265.67     44085.67 
   2007       73        25496.50     17345.00     42841.50 
   2007       74        25012.17     16122.00     41134.17 
   2007       75        24000.33     14939.33     38939.67 
   2007       76        22880.50     14034.50     36915.00 
   2007       77        21018.83     12649.17     33668.00 
   2007       78        18985.17     10940.17     29925.33 
   2007       79        17196.83      9329.34     26526.17 
   2007       80        15851.17      7847.17     23698.34 
   2007       81        14763.78      6479.97     21243.75 
   2007       82        13216.93      5361.71     18578.64 
   2007       83        11819.92      4575.90     16395.83 
   2007       84        10355.00      3809.55     14164.55 
   2007       85         9014.40      3176.59     12190.99 
   2007       86         7561.30      2562.50     10123.80 
   2007       87         5837.16      1999.96      7837.12 
   2007       88         3401.93      1181.52      4583.45 
   2007       89         1750.74       611.47      2362.21 
   2007       90         1341.76       451.85      1793.61 
   2007       91         1243.59       419.32      1662.90 
   2007       92         1446.53       492.26      1938.79 
   2007       93         1323.63       429.46      1753.09 
   2007       94          962.92       298.52      1261.45 
   2007       95          681.55       179.57       861.12 
   2007       96          436.99       109.37       546.36 
   2007       97          279.92        76.32       356.24 
   2007       98          165.98        41.67       207.66 
   2007       99           99.01        25.84       124.85 
   2007      100           61.01        19.18        80.18 
   2007      101           33.50         9.83        43.33 
   2007      102           14.33         2.33        16.67 
   2007      103            5.67         2.00         7.67 
   2007      104            3.33         1.00         4.33 
   2007      105            0.50         0.00         0.50 
   2007      106            1.00         0.00         1.00 
   2007      107            0.17         0.33         0.50 
   2007      108            0.00         0.00         0.00 
   2007      109            0.00         0.00         0.00 
   2007      110+           0.00         0.00         0.00 
   2008        0        20464.33     21554.34     42018.68 
   2008        1        20005.00     21212.83     41217.83 
   2008        2        20269.67     21474.50     41744.17 
   2008        3        20061.17     21245.00     41306.17 
   2008        4        19425.67     20622.83     40048.50 
   2008        5        19547.67     20524.33     40072.00 
   2008        6        19884.00     20887.00     40771.00 
   2008        7        20644.33     21802.50     42446.83 
   2008        8        21621.33     22793.50     44414.83 
   2008        9        22654.67     23712.17     46366.83 
   2008       10        23857.33     24911.00     48768.33 
   2008       11        24526.67     25836.67     50363.33 
   2008       12        24191.50     25537.33     49728.83 
   2008       13        23794.50     24670.67     48465.17 
   2008       14        23750.33     24664.67     48415.00 
   2008       15        23312.50     24604.67     47917.17 
   2008       16        23919.67     25242.17     49161.83 
   2008       17        24874.33     25982.50     50856.83 
   2008       18        24869.17     25837.67     50706.83 
   2008       19        25367.50     26602.33     51969.83 
   2008       20        25850.83     27127.00     52977.83 
   2008       21        26170.00     27225.17     53395.17 
   2008       22        27036.50     28066.67     55103.17 
   2008       23        28034.17     29313.17     57347.33 
   2008       24        28396.33     29763.83     58160.17 
   2008       25        28470.00     29755.17     58225.17 
   2008       26        28730.17     29955.83     58686.00 
   2008       27        29076.67     30399.17     59475.83 
   2008       28        29304.33     30714.50     60018.83 
   2008       29        29093.50     30337.17     59430.67 
   2008       30        28723.83     29930.83     58654.67 
   2008       31        28629.83     29467.00     58096.83 
   2008       32        28422.33     29086.83     57509.17 
   2008       33        28089.17     28937.33     57026.50 
   2008       34        28152.33     28814.67     56967.00 
   2008       35        28255.33     28777.50     57032.83 
   2008       36        28163.33     28782.50     56945.83 
   2008       37        27508.67     28015.17     55523.83 
   2008       38        27568.17     27807.67     55375.83 
   2008       39        28569.17     28650.17     57219.33 
   2008       40        29356.00     29430.83     58786.83 
   2008       41        30553.50     30487.00     61040.50 
   2008       42        31436.67     31255.67     62692.33 
   2008       43        30874.33     30754.83     61629.17 
   2008       44        30450.67     30296.33     60747.00 
   2008       45        31126.17     30837.33     61963.50 
   2008       46        32033.33     31517.00     63550.33 
   2008       47        32553.50     31965.67     64519.17 
   2008       48        32758.83     32284.50     65043.33 
   2008       49        32644.17     32283.00     64927.17 
   2008       50        32380.33     31865.83     64246.17 
   2008       51        33205.33     32521.67     65727.00 
   2008       52        33714.17     33160.83     66875.00 
   2008       53        33074.33     33417.50     66491.83 
   2008       54        32454.17     32691.84     65146.00 
   2008       55        31972.00     31338.17     63310.17 
   2008       56        30560.00     29811.67     60371.67 
   2008       57        30078.00     28979.00     59057.00 
   2008       58        30943.00     28876.50     59819.50 
   2008       59        29870.83     26988.00     56858.84 
   2008       60        28526.67     25333.00     53859.67 
   2008       61        27204.83     23727.50     50932.33 
   2008       62        23058.67     19730.33     42789.00 
   2008       63        20958.67     17658.00     38616.67 
   2008       64        23133.00     19033.00     42166.00 
   2008       65        25346.50     20759.33     46105.83 
   2008       66        25696.00     20832.67     46528.67 
   2008       67        25682.17     20428.33     46110.50 
   2008       68        26258.00     20661.83     46919.83 
   2008       69        26200.33     20005.00     46205.33 
   2008       70        26344.50     19617.00     45961.50 
   2008       71        26304.33     19184.50     45488.83 
   2008       72        25766.67     18236.00     44002.67 
   2008       73        25167.17     17373.67     42540.83 
   2008       74        24745.00     16396.17     41141.17 
   2008       75        24152.33     15126.17     39278.50 
   2008       76        23038.67     13913.33     36952.00 
   2008       77        21852.17     12994.83     34847.00 
   2008       78        19974.50     11626.50     31601.00 
   2008       79        17889.00      9982.67     27871.67 
   2008       80        16036.33      8434.67     24471.00 
   2008       81        14670.83      7021.84     21692.67 
   2008       82        13529.90      5744.52     19274.42 
   2008       83        11941.67      4721.79     16663.46 
   2008       84        10550.32      3987.18     14537.50 
   2008       85         9145.91      3240.67     12386.58 
   2008       86         7863.15      2665.22     10528.37 
   2008       87         6438.88      2127.35      8566.22 
   2008       88         4863.92      1627.81      6491.74 
   2008       89         2804.05       949.09      3753.14 
   2008       90         1416.05       486.25      1902.30 
   2008       91         1069.40       341.31      1410.72 
   2008       92          962.73       310.44      1273.17 
   2008       93         1092.00       358.88      1450.88 
   2008       94          985.77       296.74      1282.51 
   2008       95          685.40       207.83       893.23 
   2008       96          472.70       116.38       589.08 
   2008       97          293.48        72.69       366.17 
   2008       98          181.75        47.64       229.39 
   2008       99          105.31        25.34       130.65 
   2008      100           62.34        18.17        80.52 
   2008      101           35.50        10.50        46.00 
   2008      102           17.33         3.50        20.83 
   2008      103            5.67         1.00         6.67 
   2008      104            3.00         1.17         4.17 
   2008      105            1.67         0.00         1.67 
   2008      106            0.50         0.00         0.50 
   2008      107            0.17         0.00         0.17 
   2008      108            0.00         0.00         0.00 
   2008      109            0.00         0.00         0.00 
   2008      110+           0.00         0.00         0.00 
   2009        0        21238.67     22262.01     43500.67 
   2009        1        20582.50     21674.67     42257.17 
   2009        2        20042.83     21263.83     41306.67 
   2009        3        20298.50     21513.33     41811.83 
   2009        4        20093.67     21279.17     41372.83 
   2009        5        19479.67     20664.33     40144.00 
   2009        6        19580.50     20559.17     40139.67 
   2009        7        19925.17     20919.50     40844.67 
   2009        8        20679.33     21835.33     42514.67 
   2009        9        21656.00     22832.67     44488.67 
   2009       10        22686.00     23735.17     46421.17 
   2009       11        23886.67     24941.17     48827.83 
   2009       12        24557.00     25868.83     50425.83 
   2009       13        24225.17     25572.50     49797.67 
   2009       14        23831.83     24706.67     48538.50 
   2009       15        23778.83     24698.67     48477.50 
   2009       16        23349.83     24636.17     47986.00 
   2009       17        23959.00     25268.67     49227.67 
   2009       18        24919.00     26042.00     50961.00 
   2009       19        24934.83     25987.17     50922.00 
   2009       20        25433.67     26733.33     52167.00 
   2009       21        25938.83     27196.83     53135.67 
   2009       22        26275.33     27328.50     53603.83 
   2009       23        27155.00     28135.33     55290.33 
   2009       24        28136.00     29379.50     57515.50 
   2009       25        28503.83     29833.33     58337.17 
   2009       26        28540.33     29816.00     58356.33 
   2009       27        28797.00     30007.17     58804.17 
   2009       28        29113.50     30458.67     59572.17 
   2009       29        29326.17     30744.50     60070.67 
   2009       30        29110.17     30338.50     59448.67 
   2009       31        28741.83     29950.83     58692.67 
   2009       32        28642.33     29500.50     58142.83 
   2009       33        28434.17     29091.00     57525.17 
   2009       34        28098.67     28946.00     57044.67 
   2009       35        28163.00     28816.17     56979.17 
   2009       36        28253.83     28775.83     57029.67 
   2009       37        28146.83     28778.00     56924.83 
   2009       38        27487.33     27999.83     55487.17 
   2009       39        27538.00     27786.67     55324.67 
   2009       40        28554.33     28606.67     57161.00 
   2009       41        29347.83     29396.00     58743.83 
   2009       42        30516.33     30428.83     60945.17 
   2009       43        31393.17     31167.50     62560.67 
   2009       44        30842.83     30700.50     61543.33 
   2009       45        30413.83     30204.83     60618.67 
   2009       46        31082.50     30716.67     61799.17 
   2009       47        31983.50     31390.83     63374.33 
   2009       48        32508.00     31814.17     64322.17 
   2009       49        32700.33     32106.00     64806.33 
   2009       50        32568.50     32082.17     64650.67 
   2009       51        32391.17     31732.83     64124.00 
   2009       52        33111.33     32248.67     65360.00 
   2009       53        33598.50     32857.17     66455.67 
   2009       54        32957.00     33086.17     66043.17 
   2009       55        32312.33     32334.17     64646.50 
   2009       56        31905.17     31065.33     62970.50 
   2009       57        30384.33     29452.33     59836.67 
   2009       58        29918.17     28613.17     58531.33 
   2009       59        30762.67     28408.00     59170.67 
   2009       60        29659.33     26519.83     56179.17 
   2009       61        28317.50     24888.00     53205.50 
   2009       62        26993.50     23267.50     50261.00 
   2009       63        22868.00     19472.17     42340.17 
   2009       64        20767.50     17279.17     38046.67 
   2009       65        22877.33     18584.67     41462.00 
   2009       66        25068.00     20214.67     45282.67 
   2009       67        25363.17     20235.33     45598.50 
   2009       68        25290.67     19831.83     45122.50 
   2009       69        25828.33     19992.83     45821.17 
   2009       70        25724.33     19259.50     44983.83 
   2009       71        25815.83     18816.83     44632.67 
   2009       72        25714.33     18344.67     44059.00 
   2009       73        25096.33     17346.33     42442.67 
   2009       74        24455.67     16445.83     40901.50 
   2009       75        23890.83     15416.00     39306.83 
   2009       76        23187.00     14132.33     37319.33 
   2009       77        22025.67     12942.67     34968.33 
   2009       78        20773.00     11977.17     32750.17 
   2009       79        18809.67     10613.83     29423.50 
   2009       80        16739.00      9033.67     25772.67 
   2009       81        14843.67      7561.50     22405.17 
   2009       82        13445.33      6237.50     19682.83 
   2009       83        12256.19      5033.04     17289.23 
   2009       84        10652.57      4098.43     14751.00 
   2009       85         9311.40      3402.32     12713.71 
   2009       86         8005.32      2727.34     10732.66 
   2009       87         6766.23      2220.42      8986.65 
   2009       88         5421.80      1744.72      7166.51 
   2009       89         3997.69      1318.71      5316.40 
   2009       90         2244.85       759.70      3004.55 
   2009       91         1131.19       370.06      1501.25 
   2009       92          835.88       259.45      1095.34 
   2009       93          714.37       233.58       947.95 
   2009       94          809.81       251.51      1061.32 
   2009       95          722.41       206.38       928.80 
   2009       96          484.22       151.81       636.03 
   2009       97          325.86        79.70       405.56 
   2009       98          196.13        48.19       244.32 
   2009       99          117.74        29.97       147.71 
   2009      100           65.64        14.17        79.81 
   2009      101           36.17         9.00        45.17 
   2009      102           20.17         4.33        24.50 
   2009      103            8.00         2.00        10.00 
   2009      104            2.67         0.33         3.00 
   2009      105            1.33         0.00         1.33 
   2009      106            1.00         0.00         1.00 
   2009      107            0.00         0.00         0.00 
   2009      108            0.00         0.00         0.00 
   2009      109            0.00         0.00         0.00 
   2009      110+           0.00         0.00         0.00 
   2010        0        21265.67     22374.33     43640.00 
   2010        1        21316.33     22342.50     43658.83 
   2010        2        20592.67     21690.50     42283.17 
   2010        3        20041.50     21264.50     41306.00 
   2010        4        20304.67     21516.83     41821.50 
   2010        5        20108.17     21288.17     41396.33 
   2010        6        19485.33     20665.50     40150.83 
   2010        7        19591.00     20560.50     40151.50 
   2010        8        19940.17     20927.17     40867.33 
   2010        9        20686.00     21839.33     42525.33 
   2010       10        21661.50     22836.33     44497.83 
   2010       11        22692.50     23732.50     46425.00 
   2010       12        23893.83     24951.17     48845.00 
   2010       13        24565.17     25873.33     50438.50 
   2010       14        24240.00     25588.00     49828.00 
   2010       15        23845.50     24723.50     48569.00 
   2010       16        23785.50     24707.50     48493.00 
   2010       17        23364.50     24645.00     48009.50 
   2010       18        23970.00     25274.17     49244.17 
   2010       19        24919.67     26108.67     51028.33 
   2010       20        24952.00     26022.83     50974.83 
   2010       21        25465.50     26719.50     52185.00 
   2010       22        25979.67     27206.17     53185.83 
   2010       23        26332.00     27315.50     53647.50 
   2010       24        27212.17     28123.50     55335.67 
   2010       25        28184.50     29353.17     57537.67 
   2010       26        28535.00     29817.33     58352.33 
   2010       27        28559.50     29810.67     58370.17 
   2010       28        28780.17     29997.17     58777.33 
   2010       29        29091.17     30425.33     59516.50 
   2010       30        29298.33     30680.00     59978.33 
   2010       31        29075.17     30298.17     59373.33 
   2010       32        28715.50     29920.00     58635.50 
   2010       33        28631.17     29458.50     58089.67 
   2010       34        28410.17     29046.83     57457.00 
   2010       35        28079.83     28907.00     56986.83 
   2010       36        28126.50     28756.00     56882.50 
   2010       37        28222.00     28722.50     56944.50 
   2010       38        28097.50     28725.00     56822.50 
   2010       39        27438.50     27919.00     55357.50 
   2010       40        27475.00     27708.33     55183.33 
   2010       41        28512.33     28522.67     57035.00 
   2010       42        29286.50     29284.67     58571.17 
   2010       43        30461.67     30311.33     60773.00 
   2010       44        31309.67     31058.33     62368.00 
   2010       45        30769.50     30563.50     61333.00 
   2010       46        30348.67     30051.83     60400.50 
   2010       47        31013.17     30549.83     61563.00 
   2010       48        31919.00     31208.33     63127.33 
   2010       49        32432.83     31608.00     64040.83 
   2010       50        32588.83     31885.50     64474.33 
   2010       51        32464.17     31835.17     64299.33 
   2010       52        32272.67     31462.17     63734.83 
   2010       53        32970.17     31954.33     64924.50 
   2010       54        33459.00     32530.00     65989.00 
   2010       55        32809.33     32697.50     65506.83 
   2010       56        32138.83     31930.50     64069.33 
   2010       57        31708.33     30662.33     62370.67 
   2010       58        30207.83     29070.00     59277.83 
   2010       59        29723.00     28164.67     57887.67 
   2010       60        30534.33     27930.17     58464.50 
   2010       61        29409.00     26058.67     55467.67 
   2010       62        28076.33     24400.00     52476.33 
   2010       63        26765.67     22940.83     49706.50 
   2010       64        22631.67     19045.67     41677.33 
   2010       65        20535.67     16847.67     37383.33 
   2010       66        22612.83     18081.67     40694.50 
   2010       67        24741.50     19652.17     44393.67 
   2010       68        24987.67     19658.33     44646.00 
   2010       69        24823.67     19223.83     44047.50 
   2010       70        25357.83     19276.50     44634.33 
   2010       71        25189.17     18491.50     43680.67 
   2010       72        25248.83     18018.50     43267.33 
   2010       73        25070.67     17478.83     42549.50 
   2010       74        24382.33     16454.50     40836.83 
   2010       75        23668.50     15511.83     39180.33 
   2010       76        22975.33     14421.00     37396.33 
   2010       77        22182.83     13141.67     35324.50 
   2010       78        20940.50     11950.00     32890.50 
   2010       79        19607.00     10943.17     30550.17 
   2010       80        17629.33      9607.33     27236.67 
   2010       81        15547.33      8119.67     23667.00 
   2010       82        13615.50      6730.00     20345.50 
   2010       83        12213.00      5481.50     17694.50 
   2010       84        10994.47      4370.47     15364.94 
   2010       85         9423.45      3521.67     12945.12 
   2010       86         8106.95      2873.74     10980.69 
   2010       87         6916.55      2293.10      9209.65 
   2010       88         5700.29      1824.69      7524.98 
   2010       89         4477.54      1426.17      5903.71 
   2010       90         3219.62      1055.51      4275.12 
   2010       91         1795.47       586.35      2381.82 
   2010       92          886.17       282.04      1168.21 
   2010       93          631.86       196.77       828.64 
   2010       94          529.02       164.74       693.76 
   2010       95          604.29       171.83       776.12 
   2010       96          522.23       144.70       666.94 
   2010       97          331.71       107.30       439.00 
   2010       98          217.35        54.20       271.55 
   2010       99          129.62        31.68       161.31 
   2010      100           73.74        16.97        90.71 
   2010      101           33.47         7.83        41.30 
   2010      102           18.17         5.17        23.33 
   2010      103           11.50         2.67        14.17 
   2010      104            4.17         1.17         5.33 
   2010      105            2.17         0.00         2.17 
   2010      106            0.83         0.00         0.83 
   2010      107            0.17         0.00         0.17 
   2010      108            0.00         0.00         0.00 
   2010      109            0.00         0.00         0.00 
   2010      110+           0.00         0.00         0.00 
   2011        0        20453.00     21651.33     42104.34 
   2011        1        21335.50     22413.00     43748.50 
   2011        2        21313.50     22337.17     43650.67 
   2011        3        20573.67     21672.67     42246.33 
   2011        4        20019.83     21233.33     41253.17 
   2011        5        20291.17     21508.67     41799.83 
   2011        6        20111.33     21295.00     41406.33 
   2011        7        19484.00     20654.17     40138.17 
   2011        8        19602.17     20555.67     40157.83 
   2011        9        19932.00     20922.83     40854.83 
   2011       10        20689.50     21840.17     42529.67 
   2011       11        21664.17     22830.17     44494.33 
   2011       12        22690.50     23732.50     46423.00 
   2011       13        23888.67     24932.00     48820.67 
   2011       14        24566.67     25869.33     50436.00 
   2011       15        24242.50     25606.33     49848.83 
   2011       16        23851.00     24702.17     48553.17 
   2011       17        23787.50     24710.83     48498.33 
   2011       18        23363.00     24615.67     47978.67 
   2011       19        23970.67     25304.33     49275.00 
   2011       20        24913.33     26099.67     51013.00 
   2011       21        24973.67     25979.50     50953.17 
   2011       22        25458.83     26658.83     52117.67 
   2011       23        26001.00     27164.67     53165.67 
   2011       24        26377.67     27267.50     53645.17 
   2011       25        27230.50     28083.50     55314.00 
   2011       26        28202.50     29288.50     57491.00 
   2011       27        28541.17     29742.83     58284.00 
   2011       28        28532.33     29760.33     58292.67 
   2011       29        28749.17     29927.17     58676.33 
   2011       30        29060.50     30342.33     59402.83 
   2011       31        29239.83     30583.67     59823.50 
   2011       32        29037.67     30230.50     59268.17 
   2011       33        28706.17     29851.00     58557.17 
   2011       34        28581.00     29385.50     57966.50 
   2011       35        28378.67     28975.33     57354.00 
   2011       36        28039.83     28827.00     56866.83 
   2011       37        28062.67     28654.00     56716.67 
   2011       38        28167.50     28639.33     56806.83 
   2011       39        28013.17     28612.33     56625.50 
   2011       40        27378.33     27829.67     55208.00 
   2011       41        27415.33     27609.00     55024.33 
   2011       42        28447.33     28389.17     56836.50 
   2011       43        29226.17     29143.67     58369.83 
   2011       44        30366.17     30174.67     60540.83 
   2011       45        31219.00     30886.00     62105.00 
   2011       46        30684.83     30390.83     61075.67 
   2011       47        30294.83     29914.67     60209.50 
   2011       48        30929.33     30359.83     61289.17 
   2011       49        31841.33     31016.33     62857.67 
   2011       50        32292.83     31345.67     63638.50 
   2011       51        32469.00     31642.67     64111.67 
   2011       52        32316.67     31540.83     63857.50 
   2011       53        32149.33     31205.67     63355.00 
   2011       54        32836.33     31625.17     64461.50 
   2011       55        33254.50     32143.83     65398.33 
   2011       56        32675.00     32287.00     64962.00 
   2011       57        31949.33     31519.83     63469.17 
   2011       58        31529.33     30238.00     61767.33 
   2011       59        29967.33     28601.00     58568.33 
   2011       60        29530.50     27725.33     57255.83 
   2011       61        30250.33     27420.83     57671.17 
   2011       62        29140.83     25533.83     54674.67 
   2011       63        27853.50     23911.33     51764.83 
   2011       64        26510.00     22405.33     48915.33 
   2011       65        22341.83     18536.67     40878.50 
   2011       66        20315.50     16383.67     36699.17 
   2011       67        22317.17     17635.33     39952.50 
   2011       68        24417.50     19066.67     43484.17 
   2011       69        24548.17     19044.17     43592.33 
   2011       70        24396.17     18575.50     42971.67 
   2011       71        24876.83     18541.50     43418.33 
   2011       72        24645.50     17706.67     42352.17 
   2011       73        24658.33     17213.50     41871.83 
   2011       74        24329.33     16577.33     40906.67 
   2011       75        23639.83     15575.00     39214.83 
   2011       76        22851.83     14571.00     37422.83 
   2011       77        22039.00     13427.50     35466.50 
   2011       78        21111.67     12133.33     33245.00 
   2011       79        19816.83     10962.00     30778.83 
   2011       80        18389.00      9951.67     28340.67 
   2011       81        16408.17      8657.00     25065.17 
   2011       82        14320.50      7220.83     21541.33 
   2011       83        12371.83      5934.00     18305.83 
   2011       84        10959.83      4771.50     15731.33 
   2011       85         9767.91      3779.11     13547.02 
   2011       86         8203.65      2998.61     11202.25 
   2011       87         7004.65      2418.35      9423.00 
   2011       88         5834.26      1885.55      7719.81 
   2011       89         4710.85      1472.81      6183.66 
   2011       90         3642.61      1126.30      4768.91 
   2011       91         2580.38       821.14      3401.52 
   2011       92         1398.76       442.33      1841.09 
   2011       93          678.48       212.53       891.01 
   2011       94          471.01       144.94       615.94 
   2011       95          383.84       116.40       500.24 
   2011       96          424.61       118.15       542.76 
   2011       97          363.21        98.53       461.74 
   2011       98          214.03        72.30       286.32 
   2011       99          137.34        33.70       171.03 
   2011      100           82.45        19.35       101.80 
   2011      101           38.89        10.47        49.36 
   2011      102           15.63         4.83        20.47 
   2011      103           10.50         2.83        13.33 
   2011      104            5.17         1.83         7.00 
   2011      105            2.00         0.50         2.50 
   2011      106            1.17         0.00         1.17 
   2011      107            0.00         0.00         0.00 
   2011      108            0.00         0.00         0.00 
   2011      109            0.00         0.00         0.00 
   2011      110+           0.00         0.00         0.00 
   2012        0        19988.00     21334.83     41322.84 
   2012        1        20491.67     21672.83     42164.50 
   2012        2        21334.83     22410.50     43745.33 
   2012        3        21301.33     22330.33     43631.67 
   2012        4        20558.50     21641.33     42199.83 
   2012        5        20015.00     21234.50     41249.50 
   2012        6        20296.50     21518.33     41814.83 
   2012        7        20104.83     21290.17     41395.00 
   2012        8        19487.33     20649.00     40136.33 
   2012        9        19595.50     20553.67     40149.17 
   2012       10        19933.50     20927.33     40860.83 
   2012       11        20680.67     21838.67     42519.33 
   2012       12        21656.50     22830.50     44487.00 
   2012       13        22681.83     23705.83     46387.67 
   2012       14        23884.83     24922.33     48807.17 
   2012       15        24558.00     25889.83     50447.83 
   2012       16        24236.17     25587.00     49823.17 
   2012       17        23844.00     24702.33     48546.33 
   2012       18        23780.00     24672.17     48452.17 
   2012       19        23388.00     24645.17     48033.17 
   2012       20        23979.17     25315.83     49295.00 
   2012       21        24938.00     26093.00     51031.00 
   2012       22        24968.67     25962.50     50931.17 
   2012       23        25481.67     26626.67     52108.33 
   2012       24        26041.33     27132.50     53173.83 
   2012       25        26407.17     27252.17     53659.33 
   2012       26        27240.00     28043.67     55283.67 
   2012       27        28210.67     29227.67     57438.33 
   2012       28        28525.33     29709.83     58235.17 
   2012       29        28517.83     29706.50     58224.33 
   2012       30        28713.00     29863.33     58576.33 
   2012       31        29024.83     30261.33     59286.17 
   2012       32        29217.33     30530.67     59748.00 
   2012       33        29037.17     30168.33     59205.50 
   2012       34        28655.00     29807.17     58462.17 
   2012       35        28552.83     29338.83     57891.67 
   2012       36        28354.33     28935.33     57289.67 
   2012       37        27967.33     28746.67     56714.00 
   2012       38        27999.00     28569.50     56568.50 
   2012       39        28071.67     28538.00     56609.67 
   2012       40        27943.50     28516.50     56460.00 
   2012       41        27291.17     27740.83     55032.00 
   2012       42        27339.50     27500.83     54840.33 
   2012       43        28392.00     28263.00     56655.00 
   2012       44        29138.17     29028.33     58166.50 
   2012       45        30273.83     30013.33     60287.17 
   2012       46        31121.50     30738.00     61859.50 
   2012       47        30623.67     30252.67     60876.33 
   2012       48        30186.50     29742.67     59929.17 
   2012       49        30845.83     30184.00     61029.83 
   2012       50        31698.00     30759.00     62457.00 
   2012       51        32173.33     31114.50     63287.83 
   2012       52        32317.00     31345.17     63662.17 
   2012       53        32192.50     31301.50     63494.00 
   2012       54        32005.00     30870.50     62875.50 
   2012       55        32623.67     31256.33     63880.00 
   2012       56        33117.17     31763.67     64880.83 
   2012       57        32467.17     31889.17     64356.33 
   2012       58        31758.17     31092.67     62850.83 
   2012       59        31265.83     29733.83     60999.67 
   2012       60        29750.33     28130.33     57880.67 
   2012       61        29243.83     27224.83     56468.67 
   2012       62        29974.17     26871.67     56845.83 
   2012       63        28895.67     25006.17     53901.83 
   2012       64        27606.00     23382.50     50988.50 
   2012       65        26191.17     21830.50     48021.67 
   2012       66        22093.00     18035.17     40128.17 
   2012       67        20057.33     15968.33     36025.66 
   2012       68        22035.67     17093.83     39129.50 
   2012       69        24069.00     18450.67     42519.67 
   2012       70        24138.17     18416.83     42555.00 
   2012       71        23974.17     17903.50     41877.66 
   2012       72        24371.83     17775.50     42147.33 
   2012       73        24101.83     16971.17     41073.00 
   2012       74        23948.50     16342.00     40290.50 
   2012       75        23600.00     15714.33     39314.33 
   2012       76        22862.67     14666.83     37529.50 
   2012       77        21956.50     13623.67     35580.17 
   2012       78        21055.17     12465.33     33520.50 
   2012       79        20032.17     11179.00     31211.17 
   2012       80        18658.17      9982.50     28640.67 
   2012       81        17139.17      8970.83     26110.00 
   2012       82        15176.83      7731.67     22908.51 
   2012       83        13057.83      6396.17     19454.00 
   2012       84        11127.67      5162.17     16289.83 
   2012       85         9751.17      4121.33     13872.50 
   2012       86         8566.00      3212.91     11778.91 
   2012       87         7098.68      2491.52      9590.20 
   2012       88         5955.87      1984.44      7940.31 
   2012       89         4850.15      1520.15      6370.30 
   2012       90         3850.41      1175.76      5026.18 
   2012       91         2913.53       877.59      3791.11 
   2012       92         2019.64       626.44      2646.09 
   2012       93         1061.72       325.14      1386.86 
   2012       94          511.13       161.02       672.15 
   2012       95          345.00       105.93       450.93 
   2012       96          255.66        83.39       339.06 
   2012       97          290.60        80.14       370.74 
   2012       98          236.20        63.86       300.06 
   2012       99          130.52        42.29       172.81 
   2012      100           92.33        20.69       113.02 
   2012      101           48.78        12.68        61.46 
   2012      102           19.90         4.97        24.86 
   2012      103            9.47         2.67        12.13 
   2012      104            4.50         1.33         5.83 
   2012      105            1.33         1.00         2.33 
   2012      106            0.83         0.17         1.00 
   2012      107            0.50         0.00         0.50 
   2012      108            0.00         0.00         0.00 
   2012      109            0.00         0.00         0.00 
   2012      110+           0.00         0.00         0.00 
   2013        0        19595.67     21149.50     40745.17 
   2013        1        20004.33     21345.50     41349.83 
   2013        2        20490.50     21663.00     42153.50 
   2013        3        21318.00     22388.33     43706.33 
   2013        4        21283.67     22308.83     43592.50 
   2013        5        20532.17     21616.67     42148.83 
   2013        6        19982.50     21203.00     41185.50 
   2013        7        20260.50     21483.67     41744.17 
   2013        8        20074.67     21258.33     41333.00 
   2013        9        19457.67     20616.00     40073.67 
   2013       10        19565.83     20531.50     40097.33 
   2013       11        19897.50     20905.67     40803.17 
   2013       12        20638.83     21809.50     42448.33 
   2013       13        21617.67     22789.33     44407.00 
   2013       14        22652.00     23667.33     46319.33 
   2013       15        23855.00     24902.00     48757.00 
   2013       16        24507.00     25869.33     50376.33 
   2013       17        24230.33     25578.00     49808.33 
   2013       18        23851.83     24703.17     48555.00 
   2013       19        23814.50     24748.50     48563.00 
   2013       20        23422.33     24678.00     48100.33 
   2013       21        24010.67     25344.50     49355.17 
   2013       22        24966.83     26118.33     51085.17 
   2013       23        25024.83     25979.67     51004.50 
   2013       24        25548.50     26636.67     52185.17 
   2013       25        26101.67     27122.50     53224.17 
   2013       26        26415.50     27221.00     53636.50 
   2013       27        27266.83     28012.50     55279.33 
   2013       28        28192.67     29213.17     57405.83 
   2013       29        28520.00     29675.83     58195.83 
   2013       30        28482.33     29648.67     58131.00 
   2013       31        28687.00     29823.33     58510.33 
   2013       32        28998.33     30223.50     59221.83 
   2013       33        29178.00     30474.33     59652.33 
   2013       34        28985.83     30118.67     59104.50 
   2013       35        28602.83     29763.83     58366.67 
   2013       36        28501.17     29281.67     57782.83 
   2013       37        28264.83     28845.67     57110.50 
   2013       38        27869.17     28659.83     56529.00 
   2013       39        27928.67     28484.33     56413.00 
   2013       40        27973.00     28426.17     56399.17 
   2013       41        27841.17     28397.17     56238.33 
   2013       42        27197.00     27631.17     54828.17 
   2013       43        27278.00     27374.83     54652.83 
   2013       44        28303.83     28141.17     56445.00 
   2013       45        29061.17     28893.83     57955.00 
   2013       46        30175.50     29866.17     60041.67 
   2013       47        31005.67     30554.50     61560.17 
   2013       48        30508.83     30072.83     60581.67 
   2013       49        30064.00     29549.67     59613.67 
   2013       50        30721.67     29975.33     60697.00 
   2013       51        31570.17     30516.17     62086.33 
   2013       52        32028.50     30836.17     62864.67 
   2013       53        32179.33     31053.17     63232.50 
   2013       54        32018.50     30965.17     62983.67 
   2013       55        31838.00     30526.17     62364.17 
   2013       56        32441.00     30893.67     63334.67 
   2013       57        32906.00     31356.17     64262.17 
   2013       58        32244.00     31467.50     63711.50 
   2013       59        31510.17     30618.67     62128.83 
   2013       60        31022.67     29217.00     60239.67 
   2013       61        29480.67     27622.83     57103.50 
   2013       62        28994.00     26698.33     55692.33 
   2013       63        29693.50     26316.67     56010.17 
   2013       64        28623.17     24470.50     53093.67 
   2013       65        27328.33     22826.83     50155.17 
   2013       66        25884.83     21254.17     47139.00 
   2013       67        21830.83     17541.17     39372.00 
   2013       68        19804.00     15507.00     35311.00 
   2013       69        21743.17     16579.50     38322.67 
   2013       70        23677.83     17861.00     41538.83 
   2013       71        23717.50     17759.50     41477.00 
   2013       72        23523.17     17169.67     40692.83 
   2013       73        23853.00     17027.17     40880.17 
   2013       74        23491.33     16162.83     39654.17 
   2013       75        23268.67     15502.17     38770.83 
   2013       76        22839.33     14818.50     37657.83 
   2013       77        21981.50     13763.83     35745.33 
   2013       78        21033.00     12716.33     33749.33 
   2013       79        20020.00     11528.50     31548.50 
   2013       80        18944.83     10229.50     29174.33 
   2013       81        17481.33      9028.83     26510.17 
   2013       82        15879.17      8037.83     23917.00 
   2013       83        13917.50      6870.33     20787.83 
   2013       84        11827.67      5573.33     17401.00 
   2013       85         9948.33      4449.50     14397.83 
   2013       86         8564.33      3522.50     12086.83 
   2013       87         7437.44      2689.19     10126.63 
   2013       88         6065.79      2054.14      8119.93 
   2013       89         4980.14      1602.57      6582.71 
   2013       90         3979.60      1214.29      5193.89 
   2013       91         3085.87       909.07      3994.94 
   2013       92         2314.32       661.07      2975.39 
   2013       93         1553.79       463.76      2017.55 
   2013       94          806.04       234.30      1040.34 
   2013       95          374.62       116.52       491.14 
   2013       96          239.00        70.09       309.09 
   2013       97          175.82        58.05       233.88 
   2013       98          195.92        51.31       247.23 
   2013       99          147.86        36.36       184.22 
   2013      100           88.68        28.29       116.97 
   2013      101           57.16        13.19        70.35 
   2013      102           26.95         6.68        33.62 
   2013      103           12.73         3.47        16.20 
   2013      104            5.47         1.33         6.80 
   2013      105            1.83         0.83         2.67 
   2013      106            0.67         0.00         0.67 
   2013      107            0.50         0.00         0.50 
   2013      108            0.17         0.00         0.17 
   2013      109            0.00         0.00         0.00 
   2013      110+           0.00         0.00         0.00 
   2014        0        19146.67     20486.33     39633.00 
   2014        1        19619.33     21165.17     40784.50 
   2014        2        20012.33     21345.67     41358.00 
   2014        3        20474.50     21646.67     42121.17 
   2014        4        21277.17     22344.00     43621.17 
   2014        5        21217.17     22257.67     43474.83 
   2014        6        20482.50     21568.00     42050.50 
   2014        7        19931.33     21153.33     41084.67 
   2014        8        20213.33     21430.00     41643.33 
   2014        9        20021.83     21208.17     41230.00 
   2014       10        19408.83     20573.17     39982.00 
   2014       11        19520.17     20490.83     40011.00 
   2014       12        19846.83     20863.33     40710.17 
   2014       13        20588.33     21769.00     42357.33 
   2014       14        21578.00     22729.50     44307.50 
   2014       15        22607.33     23627.67     46235.00 
   2014       16        23809.00     24874.83     48683.83 
   2014       17        24496.33     25845.67     50342.00 
   2014       18        24243.83     25581.33     49825.17 
   2014       19        23867.17     24766.00     48633.17 
   2014       20        23833.67     24761.00     48594.67 
   2014       21        23420.00     24694.00     48114.00 
   2014       22        24012.33     25329.00     49341.33 
   2014       23        25001.33     26108.67     51110.00 
   2014       24        25059.67     25954.50     51014.17 
   2014       25        25549.83     26579.67     52129.50 
   2014       26        26035.17     27021.00     53056.17 
   2014       27        26387.00     27137.33     53524.33 
   2014       28        27208.33     27927.00     55135.33 
   2014       29        28129.00     29120.00     57249.00 
   2014       30        28456.50     29546.83     58003.33 
   2014       31        28407.83     29526.67     57934.50 
   2014       32        28591.50     29713.33     58304.83 
   2014       33        28910.67     30116.83     59027.50 
   2014       34        29093.83     30345.17     59439.00 
   2014       35        28886.67     30001.67     58888.33 
   2014       36        28518.83     29612.83     58131.67 
   2014       37        28379.50     29143.50     57523.00 
   2014       38        28137.00     28718.00     56855.00 
   2014       39        27765.00     28521.00     56286.00 
   2014       40        27819.33     28341.00     56160.33 
   2014       41        27849.67     28258.33     56108.00 
   2014       42        27714.67     28250.83     55965.50 
   2014       43        27118.33     27467.00     54585.33 
   2014       44        27168.17     27194.50     54362.67 
   2014       45        28208.33     27976.00     56184.33 
   2014       46        28950.67     28713.83     57664.50 
   2014       47        30044.00     29671.17     59715.17 
   2014       48        30883.67     30331.00     61214.67 
   2014       49        30368.67     29856.50     60225.17 
   2014       50        29937.00     29310.50     59247.50 
   2014       51        30602.67     29707.33     60310.00 
   2014       52        31414.83     30216.00     61630.83 
   2014       53        31888.33     30515.33     62403.67 
   2014       54        32014.17     30713.83     62728.00 
   2014       55        31859.83     30639.83     62499.67 
   2014       56        31675.17     30171.50     61846.67 
   2014       57        32245.83     30471.00     62716.83 
   2014       58        32691.00     30913.00     63604.00 
   2014       59        32028.67     30986.67     63015.33 
   2014       60        31283.50     30134.17     61417.67 
   2014       61        30772.33     28676.50     59448.83 
   2014       62        29242.33     27086.17     56328.50 
   2014       63        28726.67     26159.00     54885.67 
   2014       64        29419.00     25757.83     55176.83 
   2014       65        28321.67     23894.33     52216.00 
   2014       66        27030.17     22283.33     49313.50 
   2014       67        25566.50     20683.17     46249.67 
   2014       68        21552.17     17040.33     38592.50 
   2014       69        19528.00     15048.33     34576.33 
   2014       70        21422.50     16028.83     37451.33 
   2014       71        23281.00     17225.00     40506.00 
   2014       72        23290.17     17066.17     40356.33 
   2014       73        23031.33     16479.00     39510.33 
   2014       74        23285.83     16256.17     39542.00 
   2014       75        22849.33     15368.83     38218.17 
   2014       76        22539.33     14662.50     37201.83 
   2014       77        22000.00     13927.83     35927.83 
   2014       78        21095.17     12869.83     33965.00 
   2014       79        20065.50     11753.33     31818.83 
   2014       80        18927.83     10598.50     29526.33 
   2014       81        17789.00      9313.17     27102.17 
   2014       82        16240.33      8148.17     24388.50 
   2014       83        14614.17      7163.83     21778.00 
   2014       84        12678.17      6045.83     18724.00 
   2014       85        10648.33      4818.67     15467.00 
   2014       86         8758.67      3820.00     12578.67 
   2014       87         7446.17      2996.67     10442.83 
   2014       88         6377.10      2231.69      8608.80 
   2014       89         5081.43      1658.64      6740.08 
   2014       90         4079.29      1271.57      5350.86 
   2014       91         3206.58       938.96      4145.54 
   2014       92         2462.36       676.74      3139.10 
   2014       93         1783.48       484.40      2267.88 
   2014       94         1170.45       329.09      1499.54 
   2014       95          596.70       161.47       758.17 
   2014       96          262.95        77.35       340.30 
   2014       97          167.50        49.26       216.75 
   2014       98          123.99        39.89       163.88 
   2014       99          127.41        33.14       160.56 
   2014      100          100.86        24.69       125.55 
   2014      101           58.35        16.95        75.30 
   2014      102           32.83         7.86        40.69 
   2014      103           15.45         3.84        19.29 
   2014      104            8.73         1.47        10.20 
   2014      105            3.30         0.50         3.80 
   2014      106            0.50         0.17         0.67 
   2014      107            0.17         0.00         0.17 
   2014      108            0.00         0.00         0.00 
   2014      109            0.00         0.00         0.00 
   2014      110+           0.00         0.00         0.00 
   2015        0        18583.83     19767.33     38351.17 
   2015        1        19122.50     20452.67     39575.17 
   2015        2        19579.50     21119.00     40698.50 
   2015        3        19960.00     21296.33     41256.33 
   2015        4        20392.17     21565.67     41957.83 
   2015        5        21176.50     22259.17     43435.67 
   2015        6        21141.17     22160.83     43302.00 
   2015        7        20389.00     21484.33     41873.33 
   2015        8        19848.33     21058.50     40906.83 
   2015        9        20127.00     21341.50     41468.50 
   2015       10        19933.17     21119.83     41053.00 
   2015       11        19341.17     20476.50     39817.67 
   2015       12        19429.33     20417.00     39846.33 
   2015       13        19766.67     20785.33     40552.00 
   2015       14        20510.83     21671.00     42181.83 
   2015       15        21498.00     22636.00     44134.00 
   2015       16        22527.17     23556.00     46083.17 
   2015       17        23752.33     24806.67     48559.00 
   2015       18        24454.00     25771.33     50225.33 
   2015       19        24222.83     25574.67     49797.50 
   2015       20        23843.00     24728.00     48571.00 
   2015       21        23770.67     24712.00     48482.67 
   2015       22        23361.00     24596.33     47957.33 
   2015       23        23963.00     25230.67     49193.67 
   2015       24        24936.33     26010.33     50946.67 
   2015       25        24967.00     25837.83     50804.83 
   2015       26        25416.17     26412.00     51828.17 
   2015       27        25910.83     26877.33     52788.17 
   2015       28        26246.33     26963.33     53209.67 
   2015       29        27066.67     27735.83     54802.50 
   2015       30        27996.33     28898.00     56894.33 
   2015       31        28298.17     29338.00     57636.17 
   2015       32        28242.00     29344.00     57586.00 
   2015       33        28472.83     29527.33     58000.17 
   2015       34        28788.17     29932.83     58721.00 
   2015       35        28963.17     30146.83     59110.00 
   2015       36        28750.00     29781.50     58531.50 
   2015       37        28348.00     29401.67     57749.67 
   2015       38        28211.67     28926.50     57138.17 
   2015       39        27951.67     28522.83     56474.50 
   2015       40        27587.33     28292.00     55879.33 
   2015       41        27624.17     28128.83     55753.00 
   2015       42        27665.50     28038.67     55704.17 
   2015       43        27556.33     28025.17     55581.50 
   2015       44        26946.00     27225.17     54171.17 
   2015       45        26991.17     26972.67     53963.83 
   2015       46        28048.50     27740.67     55789.17 
   2015       47        28787.50     28439.50     57227.00 
   2015       48        29873.83     29372.50     59246.33 
   2015       49        30696.83     30048.00     60744.83 
   2015       50        30180.17     29531.67     59711.83 
   2015       51        29761.00     29006.83     58767.83 
   2015       52        30427.50     29379.33     59806.83 
   2015       53        31240.83     29869.50     61110.33 
   2015       54        31706.17     30137.00     61843.17 
   2015       55        31840.00     30342.50     62182.50 
   2015       56        31662.17     30245.17     61907.33 
   2015       57        31468.83     29709.83     61178.67 
   2015       58        32015.17     30027.00     62042.17 
   2015       59        32447.17     30427.00     62874.17 
   2015       60        31759.33     30473.67     62233.00 
   2015       61        31020.33     29598.33     60618.67 
   2015       62        30499.17     28106.83     58606.00 
   2015       63        28950.33     26503.67     55454.00 
   2015       64        28455.50     25615.67     54071.17 
   2015       65        29089.83     25131.67     54221.50 
   2015       66        27986.67     23292.00     51278.67 
   2015       67        26679.17     21694.67     48373.83 
   2015       68        25230.67     20092.00     45322.67 
   2015       69        21219.00     16508.17     37727.17 
   2015       70        19215.33     14550.50     33765.83 
   2015       71        21057.00     15457.00     36514.00 
   2015       72        22828.67     16548.67     39377.33 
   2015       73        22786.83     16370.50     39157.33 
   2015       74        22473.67     15720.33     38194.00 
   2015       75        22629.83     15455.50     38085.33 
   2015       76        22131.50     14518.33     36649.83 
   2015       77        21713.50     13768.67     35482.17 
   2015       78        21094.17     13010.50     34104.67 
   2015       79        20109.67     11910.33     32020.00 
   2015       80        18964.83     10782.00     29746.83 
   2015       81        17719.83      9631.50     27351.33 
   2015       82        16491.33      8413.83     24905.17 
   2015       83        14882.83      7239.83     22122.67 
   2015       84        13266.17      6268.50     19534.67 
   2015       85        11377.83      5238.00     16615.83 
   2015       86         9369.00      4128.33     13497.33 
   2015       87         7605.00      3227.17     10832.17 
   2015       88         6318.67      2460.67      8779.33 
   2015       89         5295.42      1783.02      7078.44 
   2015       90         4102.59      1294.31      5396.90 
   2015       91         3229.78       964.90      4194.68 
   2015       92         2514.40       699.79      3214.20 
   2015       93         1864.85       492.57      2357.42 
   2015       94         1324.48       350.07      1674.54 
   2015       95          844.94       222.09      1067.03 
   2015       96          417.70       105.80       523.50 
   2015       97          180.62        51.02       231.64 
   2015       98          110.00        29.26       139.25 
   2015       99           77.82        24.39       102.21 
   2015      100           84.25        18.98       103.22 
   2015      101           60.69        15.02        75.72 
   2015      102           29.18         8.79        37.97 
   2015      103           16.66         4.19        20.85 
   2015      104            8.95         1.68        10.62 
   2015      105            4.89         0.47         5.36 
   2015      106            0.97         0.00         0.97 
   2015      107            0.00         0.00         0.00 
   2015      108            0.00         0.00         0.00 
   2015      109            0.00         0.00         0.00 
   2015      110+           0.00         0.00         0.00 
